2.061667951125940830e-05 1.830627808929319658e-02 2.841108780077775467e-02 -8.850784442293462050e-04
-4.782017279840879059e-06 1.289525680807137448e-02 -3.276160322589780158e-05 6.418255411707175610e-04
9.934402860001940972e-05 -4.803494289052752386e-03 2.218521399872150465e-04 2.290461991228887745e-03
-1.325365702050532227e-06 -3.787533542389846797e-02 -1.595641615573163974e-01 2.060689457500949114e-03
-3.629474406158179943e-05 3.258317865659968171e-02 -5.274322332652495518e-03 1.604867113406851674e-03
-2.589243475723213301e-05 2.156835199448956311e-02 6.171537418957234039e-02 -5.167161010819527542e-03
9.285021607542491743e-06 1.353955934863046266e-02 4.442016456823549148e-02 -1.686202436345244802e-03
2.215793474774145199e-06 -8.812107439449077401e-04 -1.054522532286038608e-03 -5.424001245146735936e-04
-6.430317491775370002e-05 1.303931931474740583e-02 7.788359936550501295e-02 -2.269049988077212585e-04
-4.872035464348121230e-06 -4.828647469385651154e-03 3.248816394114649453e-02 -1.587084015123465088e-04
6.008234172833571266e-06 -6.354325628354293154e-02 -7.921447397840811200e-02 2.068611306225885075e-03
